time,x,y,z,phi,theta,psi,x_velocity,y_velocity,z_velocity,phi_velocity,theta_velocity,psi_velocity,rotor_speed1,rotor_speed2,rotor_speed3,rotor_speed4
0.06,-1.998913295276211e-09,2.923312402451326e-07,10.005734970896812,0.00025035222632130427,2.2985557723842476e-06,0.0,-1.9951062401179483e-07,2.546095253797287e-05,0.1911523411098109,0.011429472526496244,0.00011482517450548692,0.0,464.37347706262494,464.38248163772107,465.0210455798183,465.9152689248581
0.12000000000000001,-2.1036899139854636e-07,9.003916656683684e-06,10.018757122193382,0.0008191176622753815,0.0001564381121381686,0.0,-1.4766735140328019e-05,0.00032472860105459914,0.24290928726845482,0.005262361545297187,0.007074048905020083,0.0,421.16128321208646,421.76261552196496,421.5309219287963,420.99762988565374
0.18,-5.900786855493403e-06,4.650892299422588e-05,10.036087006445293,0.0006877952302444257,0.0005894793717118318,0.0,-0.00021812699747855962,0.0009421277482287205,0.33473042283514925,-0.024446922559414684,0.0075024433685664665,0.0,434.1266485787177,434.1624768083081,435.8456277020415,433.35595030040514
0.23999999999999996,-3.298259138688535e-05,0.00011153986024316447,10.05899893102617,6.282041971694202,0.0012525202779700706,0.0,-0.0007416970959141586,0.0010629799499335744,0.42896910745919115,-0.04683768212213165,0.017340554602575962,0.0,435.3778518067603,436.1999526318176,435.55231464348253,433.675522394188
0.3,-0.00010961658641346435,0.0001401790653150858,10.088156484105467,6.278931273451747,0.0033627687023018993,0.0,-0.001990589894730547,-0.0004136743230080753,0.5429005430028943,-0.06443593028835308,0.05743204958383668,0.0,440.1074245205681,443.41323187178017,441.98497946837944,440.53057357398524
0.36000000000000004,-0.00030703815866375237,1.8638409635151835e-05,10.122539529442458,6.274658366717057,0.006926584748543796,0.0,-0.00492716933204598,-0.004023310969836837,0.603166976352382,-0.09036745268907911,0.06306101021704173,0.0,424.139054056064,424.6247985838345,425.59356067713287,423.36409218680546
0.4200000000000001,-0.0007506210822293413,-0.00040736752867853027,10.160471385076107,6.269531419270486,0.010675718904056275,0.0,-0.010219513837339074,-0.01068038636505528,0.6611878494947258,-0.0770879971293672,0.06130967384648122,0.0,424.3966654536242,424.2493633494377,422.66696842102965,423.80322260693606
0.48000000000000015,-0.0016439456843453364,-0.0014054782926364898,10.207126319490184,6.265145178148627,0.014574453021991118,0.0,-0.020018185198912117,-0.02313453431204543,0.8938097166738581,-0.06613911617243079,0.0714561839545647,0.0,477.3685356604058,478.1448147262407,477.1334510093618,477.9647012000719
0.5400000000000001,-0.0032203780759675017,-0.003250560437232587,10.267430060406872,6.26098393116494,0.01964623003065924,0.0,-0.033098484398440126,-0.03885154045672305,1.1161053474267466,-0.07671196614055022,0.10258718237873463,0.0,472.93383775802585,475.33031615331237,476.31037616529784,475.4978613923896
0.6000000000000002,-0.005584436590600658,-0.006001058351928225,10.334923971366193,6.256208395350889,0.02543450347746301,0.0,-0.046243333770237184,-0.05325149538706006,1.1336518701043956,-0.0860803448952804,0.07999879219648771,0.0,412.8977122990047,410.908829284885,411.1012831793409,410.2647132627532
0.6600000000000003,-0.008910395647675689,-0.00978076214011554,10.406210633158343,6.251130592270936,0.02976129378535486,0.0,-0.06509967768278384,-0.07326406222965291,1.242428448691312,-0.08187845590559507,0.047612857120568855,0.0,443.9173911456795,441.2559261319202,439.52903404535397,439.87113160893176
0.7200000000000003,-0.013419008727074655,-0.01483205664722189,10.482971970764822,6.24587551132857,0.03273930519800228,0.0,-0.08547172531436865,-0.09560483949645149,1.316173067173218,-0.10254757100587841,0.05339490193232183,0.0,430.8859186442819,431.3760193557093,430.2981917056334,428.5381445746729
0.7800000000000004,-0.01931597781729022,-0.021452384270057547,10.567265603145517,6.239287526659105,0.0369626219696233,0.0,-0.11152246904203025,-0.12577886828365994,1.4933536837852064,-0.1310629686535334,0.09196571999342369,0.0,461.3413138960706,464.3796894776579,463.7915391590697,461.53600463378746
0.8400000000000004,-0.027012216113561548,-0.03019755987472037,10.665610643102118,6.231339760329764,0.04277237297281555,0.0,-0.14574373958848194,-0.16673669762556853,1.7843239624493472,-0.13541723694142357,0.10510974766156715,0.0,496.0762039146277,497.04720139333523,496.36846359482263,496.03469620375205
0.9000000000000005,-0.036750586303937946,-0.04140697172067329,10.777575912991994,6.223117365406944,0.04866919582223961,0.0,-0.17954377122036572,-0.20780444220328856,1.947499339912712,-0.1404964387674925,0.07891848119779142,0.0,460.3550376290156,458.2857178872853,461.2117308736809,460.793755270592
0.9600000000000005,-0.048719891282630705,-0.05536143746784985,10.900845899772373,6.214400547957183,0.05355300847600741,0.0,-0.21998719323490162,-0.25833473372773347,2.161016613836009,-0.15714417662351132,0.08593989808638589,0.0,475.78107247175467,476.3231684034212,476.4319132787456,475.13897269067076
1.0200000000000005,-0.06307163700250744,-0.0723501695160061,11.033912744147008,6.204919801005982,0.05847326647085094,0.0,-0.2589190270321394,-0.30892130912370064,2.2742115824861,-0.15980568810933832,0.07267166096500856,0.0,447.3746129830542,446.2983667652474,446.40025706020515,446.1594568443043
1.0800000000000005,-0.0797811271859286,-0.092466243559773,11.172417357108746,6.1960316270591385,0.06297948937350295,0.0,-0.29848908463872204,-0.36249346854159004,2.3423548961639074,-0.13149843357117627,0.07956875149810505,0.0,432.7715910116929,433.35628960291444,431.65930790111355,434.0195085516186
1.1400000000000006,-0.09899409768160392,-0.11601925495310207,11.315590901298417,6.187608392978733,0.06773167533383706,0.0,-0.3424106042214796,-0.4233914955887807,2.4297885813969016,-0.17140215792960184,0.07846204193414699,0.0,439.29760113467444,439.21093130509354,441.80883096096767,438.48652334678917
1.2000000000000006,-0.12077721861649979,-0.14317684008970763,11.46164079534717,6.177040585605866,0.07216200987977484,0.0,-0.38410061900975745,-0.4827771321794589,2.4383774511863687,-0.18781444698491073,0.06246651610190378,0.0,415.4439874647248,414.0437207172899,415.04324264455835,413.56757601696546
1.2600000000000007,-0.14556735873447002,-0.1747234281506648,11.614009772080722,6.165543073270182,0.0763348333016971,0.0,-0.44267396490551497,-0.5700525185532025,2.639921478100035,-0.20059391141034658,0.08087720779499223,0.0,473.91937431773766,475.33557088643573,477.5015625856735,476.49246228939484
1.3200000000000007,-0.17375864812265654,-0.2114456392037811,11.77563918314384,6.1536631238749795,0.08115803233543595,0.0,-0.4975177585972366,-0.6552161845451935,2.7472358271599764,-0.193265390629799,0.07938766626111823,0.0,448.3924737431632,448.27659255048616,448.4694904604477,449.0263761969978
1.3800000000000008,-0.20582454614485424,-0.2542932036765249,11.94948283782784,6.142558213626986,0.08563082424654667,0.0,-0.5718964742889092,-0.7744123047500576,3.04647849122977,-0.17237366834305526,0.062491524675668784,0.0,507.2093614374355,505.9980128424131,505.23718058673535,506.7121251526998
1.4400000000000008,-0.2416861019802096,-0.3032972219714648,12.132271693644991,6.132063218239068,0.08938619307168238,0.0,-0.623818883315651,-0.8599571737201616,3.0462627650841902,-0.18055173997094415,0.06278458452537958,0.0,416.686939720288,416.715675124072,417.18254605424033,416.4360568190518
1.5000000000000009,-0.2807653009035922,-0.35767851869060446,12.315383914048152,6.121129390756,0.09353101821490917,0.0,-0.6791751989970386,-0.953707603163674,3.0571934430490924,-0.1858131931128909,0.07937316262570847,0.0,420.09660620885546,421.53642553180265,421.5439941137894,421.0548865117673
1.560000000000001,-0.3235316088339822,-0.4183769746612016,12.502094818313894,6.110026970825565,0.09815291180746488,0.0,-0.7468285839951034,-1.070661262672495,3.165870119521396,-0.18354003099607416,0.07188389871528482,0.0,454.1851420453197,453.58862679330423,452.9991701954628,453.14943867686975
1.620000000000001,-0.37107362197163263,-0.4874117448285291,12.701415928129524,6.099068359146958,0.10226003918558746,0.0,-0.838377997372795,-1.2317785310247156,3.4768018721268468,-0.1809108054709342,0.06051535872381477,0.0,515.3104232370501,514.5089639540121,513.6531900235144,513.8122497827219
1.680000000000001,-0.4235539785465909,-0.5652159493520771,12.912991525070804,6.088693056133462,0.1062424930227488,0.0,-0.9113258816919774,-1.3626971129849785,3.5750312903747568,-0.1604516025314961,0.07607051917803903,0.0,454.1547768218544,455.4038814188854,453.11324679740795,454.7266835151854
1.740000000000001,-0.4804180913209788,-0.6509386708215125,13.129664947835034,6.0788627941742295,0.11083334099471731,0.0,-0.9845691480307865,-1.4956134970486843,3.646797344591905,-0.1716434808087374,0.07738641379874209,0.0,446.4711151028799,446.5830670641199,448.78940793838586,447.8545306042685
1.8000000000000012,-0.5417616983103881,-0.7448172881397336,13.350504431299054,6.0682321518913,0.1155185010324562,0.0,-1.0606467884928328,-1.6346187020620608,3.7138629164221606,-0.19151644352460762,0.07944889673284974,0.0,446.912367179928,447.0852723252165,448.4200593116178,446.7721638891808
1.8600000000000012,-0.6078578274471472,-0.8474194986058834,13.576069654094201,6.056255344551943,0.12038632141580763,0.0,-1.1430053172569858,-1.7865278231751374,3.804152915343609,-0.22525427973755485,0.08429545283311415,0.0,455.42358206043883,455.81622517226987,458.1021231248574,455.3719759033481
1.9200000000000013,-0.6789212151731503,-0.9592421274559517,13.806345833522535,6.042703037346131,0.1257180060308043,0.0,-1.2262488337333939,-1.9421131117402153,3.870884420683874,-0.22713383181931035,0.09670439411498984,0.0,450.1046407222858,451.1142521019012,450.5556489470028,450.3537425225666
1.9800000000000013,-0.7555007858263307,-1.0814406929454203,14.043659870078598,6.0293415639626105,0.13132385197232654,0.0,-1.3269593017981367,-2.132472996653754,4.0382276982605525,-0.2150400872058978,0.0859194828522875,0.0,484.54636535304036,483.74140375911026,482.70045796946715,483.56737740217955
2.0400000000000014,-0.8370529091112896,-1.213075739294427,14.282184865040488,6.01605394050609,0.13628188225890092,0.0,-1.391852811507143,-2.2563459592040602,3.912546460161455,-0.23909073068750256,0.0750899033599421,0.0,389.4197692200554,388.4118600635422,389.52520599243985,387.2117866047292
2.1000000000000014,-0.9230372657085172,-1.3532364914295831,14.516360243934223,6.001661924817661,0.1406308228215476,0.0,-1.4746680877534648,-2.4168591910849244,3.8926809336553885,-0.2414629761372436,0.06668109586211775,0.0,427.4036600166254,426.69058361185733,426.90591633787096,426.6433324517422
2.1600000000000015,-1.0141449161873874,-1.5034276533009352,14.749765301607349,5.986863565304546,0.14472329812823403,0.0,-1.5625943894833678,-2.5907215811558015,3.8867471686132338,-0.2597543053375349,0.07109751253888999,0.0,432.52072558965216,432.89619511303385,434.3925791983386,432.7926065943641
2.2200000000000015,-1.111052652460095,-1.66521414777734,14.98562058817368,5.9711062349997235,0.1490384155360287,0.0,-1.6680238190688732,-2.803538643028814,3.9737942535314117,-0.2690665907417931,0.07351141067081846,0.0,465.9826051130863,466.1750073304293,465.381779028871,464.5859221213048
2.2800000000000016,-1.2145286435741318,-1.8403968220865994,15.227495821515006,5.955153610310907,0.15342138499819225,0.0,-1.78153661013067,-3.0372925807847038,4.087160470332014,-0.2601709919581468,0.07210979897728781,0.0,476.27456601697736,476.17109215265873,476.89475840602654,477.5078011612331
2.3400000000000016,-1.3249557936427325,-2.0300272626900453,15.476275049755078,5.939199422991255,0.15769251981294463,0.0,-1.8997051000695615,-3.285067238396585,4.203808110003316,-0.28092526608608326,0.06927100195092792,0.0,481.38084563413054,481.16941752012673,481.671612108269,480.0331186197338
2.4000000000000017,-1.4419867422079107,-2.2336264007613407,15.728457084881008,5.922191925521357,0.16194747075976945,0.0,-2.001653592434016,-3.5029014237048113,4.201098620964126,-0.2890629610963902,0.0740161985122817,0.0,446.5439089791603,446.9347084489137,445.5668196120026,444.81945116814495
2.4600000000000017,-1.5657152102588534,-2.451677002450737,15.98315424188917,5.905434799079007,0.16676556320470493,0.0,-2.122976257289716,-3.766815135977346,4.287012976761022,-0.2647112590352823,0.09057932962744522,0.0,478.23914064706486,479.5038441348856,475.8679691566312,477.65470351158626
2.520000000000002,-1.6968388131482142,-2.685912051991764,16.242859030665215,5.889157131803145,0.17201721065714093,0.0,-2.248214679389195,-4.0422367726628945,4.367947846690734,-0.2895729750076531,0.08059801724944107,0.0,480.46563360211985,479.7138713412091,481.1283975763116,479.1726647051247
2.580000000000002,-1.8346751169727198,-2.934980726081331,16.502399779172162,5.871300072988117,0.1768530882281869,0.0,-2.346693422547429,-4.2613026957251625,4.282418035533064,-0.3229115296840203,0.080597844278139,0.0,428.8528790638271,428.85835649773435,428.3051861070934,425.3631271813207
2.640000000000002,-1.9785665687844423,-3.1976192419676557,16.75697175462695,5.851594519291895,0.18161923799888857,0.0,-2.45003566838566,-4.494674275455381,4.202100161730068,-0.3426705885075295,0.07700575300611298,0.0,431.9819245460125,431.6841064647784,433.7322939019864,431.95453294298926
2.700000000000002,-2.128778549147549,-3.4746564718830877,17.006724352352204,5.8309402641698505,0.18633773695153621,0.0,-2.5573529834595576,-4.741300415248679,4.121604961751533,-0.34756116797486386,0.08172586069322493,0.0,434.62783530789295,435.02841868854915,436.2123042044898,435.67913127021075
2.760000000000002,-2.285852938178727,-3.7676037734020156,17.25305493658795,5.809841735170277,0.191152817264447,0.0,-2.6787654338012703,-5.025005371285165,4.08754509439097,-0.3613636152715243,0.077128032610021,0.0,455.04071828675313,454.6774416636074,456.6430447420002,455.4160169695253
2.820000000000002,-2.449431724917818,-4.075871707271663,17.493119886497258,5.788199630629784,0.196177668000157,0.0,-2.774200890096943,-5.251945582754368,3.913586424398165,-0.3594137535543321,0.09447211362357506,0.0,407.1111995835614,408.6668293338508,408.1301828742894,408.1573639452241
2.880000000000002,-2.619253803659893,-4.399090271295231,17.724483948886178,5.76710225314806,0.20206096175948218,0.0,-2.886905562093518,-5.523296211977432,3.7969434166788854,-0.3394150727281312,0.10439479326655657,0.0,433.63365403304556,434.47503817641496,431.39316073209557,432.9471673559184
2.940000000000002,-2.7960877763210683,-4.7392578841679205,17.949248181321774,5.746640230710259,0.2084620554276011,0.0,-3.007951262389311,-5.816796059279093,3.693367212473931,-0.34447431188689703,0.11090786633664805,0.0,442.0464981300297,442.59302197314315,442.34416093543007,441.80692305512605
3.000000000000002,-2.980169863623417,-5.097041200838021,18.167040198407747,5.725538825505051,0.21512966643734543,0.0,-3.128515897096051,-6.110450541412674,3.564534704604791,-0.37270565235036657,0.11156087250145456,0.0,435.78604019935074,435.8518362261661,440.20944426922676,437.73534996779085
3.0600000000000023,-3.171307867149153,-5.472053534962472,18.37573137139534,5.703465235633594,0.22147281544156883,0.0,-3.2431261900107384,-6.391124046220341,3.3901261516457613,-0.3597045196729184,0.09027025154159957,0.0,425.27880850061047,423.46088481659996,424.11413187957214,425.08271952273964
3.1200000000000023,-3.369718504864926,-5.864933602924798,18.574817890539112,5.682394231599021,0.2267994162282836,0.0,-3.3708143621918225,-6.705918603421529,3.244037018481714,-0.33808152979655676,0.08561079004170959,0.0,441.55550380964746,441.17745695846753,438.71594574442656,440.37888964888765
3.1800000000000024,-3.57572753929503,-6.276629229624411,18.764326162463945,5.662040629743046,0.23233250527826677,0.0,-3.496398339420613,-7.018216998221035,3.070945723575261,-0.34161410346437215,0.10292602380572019,0.0,433.97046351604337,435.42910028221235,435.8851503853075,435.46892539782465
3.2400000000000024,-3.789635803121707,-6.708014728508441,18.94410499988333,5.641578959679194,0.2390361991537544,0.0,-3.634148352064086,-7.362105509110774,2.919298808914961,-0.3398836553602949,0.12518904893696225,0.0,448.37676038157053,450.19295792277165,449.4129915197721,449.43517614021675
3.3000000000000025,-4.011741794058034,-7.159877552067676,19.113881779491436,5.621085769994984,0.24707099695504287,0.0,-3.769727572575165,-7.700714389063298,2.737564745544498,-0.34510943735942795,0.14727924278088153,0.0,442.4818706743416,444.31345618855335,444.46521441647917,443.9165034099287
3.3600000000000025,-4.241246845838106,-7.630230325409787,19.269763544516948,5.600335571806683,0.2560708262827207,0.0,-3.8808622383638287,-7.978552268048401,2.456795851880989,-0.3473275955344749,0.1549378118031948,0.0,407.9893245899363,408.6960440999563,407.50030356053156,407.1668780362758
3.4200000000000026,-4.477271419967568,-8.116857865283253,19.40776288623438,5.579747298056731,0.26526002561953277,0.0,-3.9870439523968524,-8.24320252547594,2.1415983098437077,-0.3358744115104965,0.1493267735065322,0.0,397.8178744894074,397.328710479295,396.4508339433417,397.3655340262703
3.4800000000000026,-4.721647240545559,-8.624039274792846,19.53180264214349,5.559734758081536,0.2740816864972926,0.0,-4.159060886734755,-8.663045571824691,1.9896969619208968,-0.3292559348945843,0.1419864395581014,0.0,473.83941141070153,473.2933831053284,474.7158126464625,475.1171941694548
3.5400000000000027,-4.9770441038729905,-9.157987023050797,19.647781701038827,5.54045489469369,0.28265534881621956,0.0,-4.354266271125194,-9.13505472187672,1.8723132840049093,-0.30895375875169534,0.14464907085893963,0.0,496.3148634895412,496.5269897595715,497.72084052463225,499.11092055004787
3.6000000000000028,-5.243386150662673,-9.71838896438983,19.753948930089393,5.5223463159959465,0.29082743097271546,0.0,-4.523924083346176,-9.54498248095689,1.6633638484084434,-0.29041706296672354,0.10835526818303026,0.0,471.247959252288,468.4483886127374,470.42287976016075,471.7689446023879
3.660000000000003,-5.5206667864678,-10.305098044722932,19.84872696793446,5.505029303182239,0.29791401919316485,0.0,-4.7186154675415555,-10.011585630212629,1.492103826437001,-0.28524773692403793,0.13267492519703059,0.0,494.8468643500685,496.645083110323,495.24565207948706,495.5506678774136
3.720000000000003,-5.808990594401539,-10.918314708026843,19.931048113707245,5.488560720905456,0.30604437888384695,0.0,-4.892159205248363,-10.428699778108985,1.2486182674402504,-0.2588031125270863,0.14063430757280634,0.0,474.823594182061,475.4496507111225,475.12059762120805,477.0728935776624
3.780000000000003,-6.107051237011813,-11.554982866155093,19.996614076495085,5.473248646306226,0.3149357935150494,0.0,-5.043283723354465,-10.793545826253402,0.9341758870982781,-0.24883934164647392,0.16012163611054536,0.0,452.3342632892772,453.92136239963713,453.07678082224425,453.8133814569821
3.840000000000003,-6.413829476741141,-12.21271343970549,20.04198015721386,5.458443244986636,0.3245550413569438,0.0,-5.182808972745075,-11.130908124470505,0.5755229921066535,-0.24289428507262875,0.16071564948156775,0.0,440.975953791198,441.04967893246703,440.5613146544788,440.9912648810117
3.900000000000003,-6.729595169988128,-12.891983174606347,20.066491267327663,5.44353212096483,0.3339677329359585,0.0,-5.342732015286903,-11.511182849232583,0.23848802579872075,-0.26316196091702193,0.14783100827985743,0.0,460.2605737365138,459.26155544450484,460.915842995992,459.2502671784863
3.960000000000003,-7.05407381976068,-13.592140484586354,20.068482531048023,5.428169196033995,0.3429540404824145,0.0,-5.473288267198982,-11.82757146038219,-0.1745985176340674,-0.24469223082167144,0.15339111973714656,0.0,431.7005033155486,432.1913944962281,431.2782506942996,432.767819055609
4.020000000000002,-7.3856618685225435,-14.309763961002671,20.043838899907033,5.413358810629955,0.35270465225005765,0.0,-5.579832347147385,-12.093760114070875,-0.6488799385535031,-0.2515128523289737,0.17633921864072388,0.0,406.5800025197532,408.6591306411368,408.11909532356634,407.4423818006069
4.080000000000001,-7.7250385652302045,-15.04627673131998,19.992675871431274,5.39882167963243,0.36298589075735244,0.0,-5.732668444087067,-12.456427426019674,-1.0596945173848433,-0.22833847668571172,0.1588516995918755,0.0,451.1555798767057,449.7682430322673,449.3711009912742,451.18811926413713
4.14,-8.074405528515648,-15.806202644806252,19.917613064474423,5.38502125716281,0.37220113348919526,0.0,-5.912616254033808,-12.873793960438682,-1.4460970821651034,-0.2335649883844623,0.14016435937427524,0.0,474.9197515280778,473.5039983486719,474.17045420446,473.7195310756892
4.199999999999998,-8.435066131009947,-16.5921645863623,19.819502673908815,5.370765710993378,0.3803673835799195,0.0,-6.108880382359262,-13.323978870915017,-1.8283995379917286,-0.24717184090798844,0.12641965565710017,0.0,489.91155571415754,488.90320067986426,489.2106387058466,488.14493560834904
4.259999999999997,-8.806031812819812,-17.40226395493309,19.69554656067356,5.355610281552609,0.3881232208176666,0.0,-6.256313638567182,-13.679085078290335,-2.3068530729124004,-0.2665191089470457,0.13441429136847918,0.0,452.6471080520596,453.3052473249654,453.6087469283607,451.98816343969867
4.319999999999996,-9.185363196952405,-18.232812951099277,19.541589169597923,5.339437576453793,0.39621237450253766,0.0,-6.387754540168222,-14.005738085601054,-2.8283820965154165,-0.2763944742423539,0.13561617364563947,0.0,441.5497590705022,441.66584420302667,442.1130678430752,441.22413305881946
4.379999999999995,-9.572186462728578,-19.082295505672267,19.355200757488024,5.322960347342724,0.4042130317333692,0.0,-6.506050335293712,-14.31031137843829,-3.3878484456413838,-0.2712970652076375,0.128368025773697,0.0,432.9522777617205,432.35853386463197,432.3996121138032,432.7505431698503
4.439999999999993,-9.966300801116844,-19.95053935347944,19.1349134666644,5.306979733149248,0.41166838993884536,0.0,-6.630679374153032,-14.630979043031731,-3.9586347531566703,-0.2579430608343631,0.11442006025466228,0.0,440.99917061282093,439.8589441955215,438.34065872246754,439.37690984075147
4.499999999999992,-10.370015401639455,-20.842178301095046,18.88246118328389,5.2922634919573,0.41811786622642444,0.0,-6.825440653253821,-15.088954536312698,-4.461410714411432,-0.22762734413982827,0.08769819777654816,0.0,496.5773365500101,494.62078624296026,492.9339029367838,495.11553065843367
4.559999999999991,-10.783921555587066,-21.758623214497593,18.597269456149252,5.278127516246116,0.4233421942029887,0.0,-6.970735330555567,-15.458805876948631,-5.049192798309357,-0.2605102304706574,0.08579054392693372,0.0,464.21187244802115,464.06798177880177,465.1966607959614,462.5586946134219
4.6199999999999894,-11.207399458669547,-22.69904309095769,18.277123206549415,5.262639638913857,0.4282799222959417,0.0,-7.144050805169705,-15.887291268128715,-5.627442130804604,-0.2537627375049086,0.0741884708905066,0.0,488.6059750212672,487.74455430159867,487.7140553283633,488.1575088771207
4.679999999999988,-11.638486090816183,-23.660157478676524,17.91833505676931,5.24705500176872,0.43258934914460045,0.0,-7.225140675449581,-16.150263487223736,-6.3359282520063624,-0.27567481338680005,0.06661980111908436,0.0,426.4582259500832,425.8149991253814,424.771142459432,422.81412101753165
4.739999999999987,-12.075701016761432,-24.63962432086422,17.51772577015801,5.230784148954848,0.4361956674200087,0.0,-7.3477590434480815,-16.498005429789323,-7.02257041467955,-0.26345613625390274,0.04205452872012995,0.0,461.27893439478765,459.3360203977905,457.18810134799156,458.0890925010911
4.799999999999986,-12.51742350157418,-25.634879797935923,17.07211260085904,5.215097490368242,0.4383965889500203,0.0,-7.376314718521975,-16.678365834450936,-7.834792597386733,-0.2577049239557383,0.022874352570739977,0.0,390.6280990678725,388.83478219573766,388.91756697184337,389.3768056630845
4.859999999999984,-12.962568309636533,-26.644403567809672,16.57876269102439,5.199728418942209,0.43993568307205244,0.0,-7.461168529865371,-16.97251352345687,-8.615092096495239,-0.2532180597776451,0.030695531143766518,0.0,435.17228026947635,435.82705042919315,435.0175039434977,435.3258380753371
4.919999999999983,-13.41140825686826,-27.669232673304265,16.03633683080843,5.184573626544076,0.4418992595560578,0.0,-7.499917480229561,-17.189371901079745,-9.470363775863348,-0.25133574806259534,0.03650565339866349,0.0,402.3873193493305,402.9138702108177,401.881753219117,401.98103911784955
4.979999999999982,-13.863626957120983,-28.709342097341278,15.442690646507844,5.1692360962059425,0.4438149297352805,0.0,-7.573317489054996,-17.48105199692114,-10.323464099846866,-0.26596771212717574,0.020689644675679887,0.0,431.8338190882935,430.4970578374837,432.3480618099668,431.0444199811838
5.0399999999999805,-14.321854048616013,-29.770283875529316,14.798308285632777,5.153778100457755,0.4447570440099051,0.0,-7.699443345709719,-17.882482207080482,-11.162909397674262,-0.244748006656795,0.003168636701136306,0.0,474.70464318963343,473.3572889244662,472.9086372488602,474.4785501519258
5.099999999999979,-14.787149680957464,-30.854702141685973,14.101943449203187,5.139442240459498,0.4448898915246229,0.0,-7.809090472632282,-18.264049789887512,-12.056455484542523,-0.22930532429037365,0.00023314421261415525,0.0,468.91899068069284,468.6907015453258,468.83957814493755,469.9847449595498
5.159999999999978,-15.258874344826372,-31.962097197253676,13.350572648123137,5.125738516515874,0.4450033722379647,0.0,-7.9137530135701475,-18.648510441439853,-12.99696907239422,-0.22663827788712632,0.005017270352733551,0.0,471.2391602888051,471.6090396885752,471.9574140934804,472.1148636097772
5.219999999999977,-15.735320394606571,-33.08995742149027,12.540081502693857,5.1126066518231035,0.4450490686140034,0.0,-7.967029750586784,-18.94733359860149,-14.027104914410035,-0.20666577601745104,-0.00950879063984719,0.0,441.9454408024787,440.74562218411944,439.4582579267231,441.0635720351488
5.279999999999975,-16.214580980137097,-34.2354201793298,11.665982234498353,5.1002848463189885,0.44435780536354486,0.0,-8.007733923509134,-19.235768683639545,-15.117847862419081,-0.2028823990823968,-0.01588424923691182,0.0,435.3219363456275,434.7878327929576,434.6822900217754,434.95701931862595
5.339999999999974,-16.697028514507288,-35.400086542458645,10.72537931669771,5.087795393880116,0.443290293006414,0.0,-8.072848650898514,-19.586848215026574,-16.245152238852395,-0.2216076782420532,-0.021909376334219164,0.0,456.9136447336827,456.43277198999084,456.4493062770867,454.90942432127224
5.399999999999973,-17.18496508521799,-36.58940322732642,9.716510774335626,5.074056898758965,0.4419968290747338,0.0,-8.189750023392483,-20.055716481413697,-17.395164464848623,-0.25074719137081886,-0.020863621729055495,0.0,496.9189465583198,496.9957031778317,499.0471320962125,496.867070825273
5.4599999999999715,-17.6763737770293,-37.8003451774846,8.633939368753522,5.058715400123706,0.44107111204679494,0.0,-8.189787505309534,-20.30966572675559,-18.701522425371184,-0.2680500796424743,-0.00632143184071871,0.0,421.9149055317617,423.16968867832054,423.47067084292433,421.90839554009443
5.51999999999997,-18.166821420955444,-39.02503748916201,7.470108043286366,5.043102033596085,0.44133345291795667,0.0,-8.157877079479972,-20.51437600671024,-20.104737224468987,-0.247961286487985,0.019991079024023604,0.0,400.34406345381626,402.73322533472344,400.30778028090305,402.0565888763606
5.579999999999969,-18.65785528572226,-40.26748353474382,6.221358017200577,5.029340048966429,0.4423125770145031,0.0,-8.208287394937065,-20.899846437660226,-21.534802832520807,-0.20653377754125998,0.007719496701167478,0.0,469.23684267417883,468.28240758979814,464.94242680663746,468.12763213713373
5.639999999999968,-19.14950738474442,-41.52879591890067,4.882377771174802,5.016790370442363,0.44245137047017824,0.0,-8.17964700118916,-21.145968501495133,-23.11318512255934,-0.2150042229058109,-0.011615382498173375,0.0,416.3429932297214,414.646353948022,415.825617239025,415.0357156637991
5.699999999999966,-19.640580864699572,-42.807789264072575,3.4462307642421512,5.003946010272577,0.4417500761841895,0.0,-8.188298698257764,-21.48796686204943,-24.77628968207096,-0.21227494584611573,-0.011834347183692202,0.0,446.8718688341939,446.85413146064803,447.39742695496375,447.57488966779425
5.759999999999965,-20.132877025399516,-44.109394343705496,1.9070741215013622,4.991450360320972,0.4412625447327887,0.0,-8.219950022366762,-21.899103060750686,-26.54961572058311,-0.2012571719967101,-0.0015834167684136277,0.0,469.3702508415992,470.1658743993734,469.42131572943197,470.2359762334588
5.819999999999964,-20.62610860952417,-45.43444969797907,0.2567636337717115,4.979289499312928,0.44080944045942516,0.0,-8.219827808371168,-22.270704694575116,-28.48401304600404,-0.2056871823704256,-0.023486447147544488,0.0,455.4648600662469,453.70834792882454,454.69304179830476,454.2983766405203
5.879999999999963,-21.11762014488062,-46.77910172512124,0.0,4.966948500724433,0.4391878651005552,0.0,-8.16324446770046,-22.55374625289322,-30.61316618611417,-0.2056755793709974,-0.03525972829472753,0.0,417.94630419682954,416.91770976593614,418.34671858712017,418.30327338785986
